3,1,74,3,514,473,-1,-1,-1
4,1,75,2,514,473,-1,-1,-1
5,1,75,1,514,473,-1,-1,-1
6,1,76,1,514,473,-1,-1,-1
7,1,76,1,514,473,-1,-1,-1
8,1,78,3,513,472,-1,-1,-1
9,1,79,3,512,472,-1,-1,-1
10,1,79,3,512,471,-1,-1,-1
11,1,80,4,512,471,-1,-1,-1
12,1,79,3,512,472,-1,-1,-1
13,1,78,3,512,472,-1,-1,-1
14,1,78,3,512,472,-1,-1,-1
15,1,78,3,512,473,-1,-1,-1
16,1,79,2,513,474,-1,-1,-1
17,1,79,2,514,474,-1,-1,-1
18,1,79,1,514,475,-1,-1,-1
19,1,78,1,514,475,-1,-1,-1
20,1,78,1,514,476,-1,-1,-1
21,1,78,0,514,476,-1,-1,-1
22,1,78,0,513,476,-1,-1,-1
23,1,78,1,512,475,-1,-1,-1
24,1,78,1,511,475,-1,-1,-1
25,1,78,1,510,475,-1,-1,-1
26,1,78,1,509,474,-1,-1,-1
27,1,78,1,508,474,-1,-1,-1
28,1,79,1,507,474,-1,-1,-1
29,1,79,1,507,473,-1,-1,-1
30,1,79,1,506,473,-1,-1,-1
31,1,79,1,505,473,-1,-1,-1
32,1,79,1,505,472,-1,-1,-1
33,1,79,1,505,472,-1,-1,-1
34,1,81,2,505,472,-1,-1,-1
35,1,82,2,505,472,-1,-1,-1
36,1,82,2,504,472,-1,-1,-1
37,1,82,2,506,474,-1,-1,-1
38,1,82,2,507,474,-1,-1,-1
39,1,82,2,508,474,-1,-1,-1
40,1,82,2,509,475,-1,-1,-1
41,1,83,1,507,473,-1,-1,-1
42,1,83,1,506,473,-1,-1,-1
43,1,83,1,506,473,-1,-1,-1
44,1,82,1,506,473,-1,-1,-1
45,1,82,1,506,473,-1,-1,-1
46,1,82,1,505,473,-1,-1,-1
47,1,82,1,505,473,-1,-1,-1
48,1,81,1,505,474,-1,-1,-1
49,1,81,1,505,474,-1,-1,-1
50,1,81,0,505,475,-1,-1,-1
51,1,81,0,505,475,-1,-1,-1
52,1,81,1,504,474,-1,-1,-1
53,1,80,1,504,474,-1,-1,-1
54,1,80,1,504,474,-1,-1,-1
55,1,82,1,503,473,-1,-1,-1
56,1,82,2,503,473,-1,-1,-1
57,1,82,2,503,472,-1,-1,-1
58,1,82,2,503,472,-1,-1,-1
59,1,81,2,503,472,-1,-1,-1
60,1,80,2,503,472,-1,-1,-1
61,1,80,2,503,472,-1,-1,-1
62,1,80,2,504,473,-1,-1,-1
63,1,79,2,504,473,-1,-1,-1
64,1,79,2,504,473,-1,-1,-1
65,1,79,2,504,474,-1,-1,-1
66,1,78,2,504,473,-1,-1,-1
67,1,77,2,505,473,-1,-1,-1
68,1,76,2,505,473,-1,-1,-1
69,1,76,2,506,472,-1,-1,-1
70,1,74,1,507,473,-1,-1,-1
71,1,73,1,508,473,-1,-1,-1
72,1,72,1,509,473,-1,-1,-1
73,1,69,2,509,472,-1,-1,-1
74,1,67,2,509,472,-1,-1,-1
75,1,66,2,510,472,-1,-1,-1
76,1,59,3,511,471,-1,-1,-1
77,1,55,3,513,471,-1,-1,-1
78,1,54,3,515,471,-1,-1,-1
79,1,48,2,517,472,-1,-1,-1
80,1,46,2,519,472,-1,-1,-1
81,1,40,2,520,472,-1,-1,-1
82,1,34,1,523,473,-1,-1,-1
83,1,31,1,525,473,-1,-1,-1
84,1,30,0,526,474,-1,-1,-1
85,1,27,1,527,473,-1,-1,-1
86,1,26,1,528,473,-1,-1,-1
87,1,21,1,529,473,-1,-1,-1
88,1,18,1,529,473,-1,-1,-1
89,1,18,1,530,472,-1,-1,-1
90,1,17,1,530,473,-1,-1,-1
91,1,16,1,531,473,-1,-1,-1
92,1,14,0,534,476,-1,-1,-1
93,1,14,0,534,477,-1,-1,-1
94,1,12,0,536,479,-1,-1,-1
95,1,12,0,537,479,-1,-1,-1
96,1,12,0,536,480,-1,-1,-1
97,1,12,0,535,478,-1,-1,-1
98,1,13,0,534,478,-1,-1,-1
99,1,11,2,533,476,-1,-1,-1
100,1,10,3,533,476,-1,-1,-1
101,1,11,4,531,474,-1,-1,-1
102,1,12,5,531,473,-1,-1,-1
103,1,12,5,531,472,-1,-1,-1
104,1,14,5,531,472,-1,-1,-1
105,1,15,6,532,472,-1,-1,-1
106,1,15,5,532,472,-1,-1,-1
107,1,15,5,532,472,-1,-1,-1
108,1,14,5,532,472,-1,-1,-1
109,1,14,3,535,474,-1,-1,-1
110,1,13,3,536,475,-1,-1,-1
111,1,16,3,535,474,-1,-1,-1
112,1,17,2,534,474,-1,-1,-1
113,1,18,2,534,474,-1,-1,-1
114,1,19,3,533,473,-1,-1,-1
115,1,19,3,533,473,-1,-1,-1
116,1,21,3,532,472,-1,-1,-1
117,1,21,4,532,472,-1,-1,-1
118,1,21,3,533,473,-1,-1,-1
119,1,21,3,534,473,-1,-1,-1
120,1,21,3,534,473,-1,-1,-1
121,1,20,3,534,473,-1,-1,-1
122,1,20,3,534,473,-1,-1,-1
123,1,22,3,534,472,-1,-1,-1
124,1,22,4,534,472,-1,-1,-1
125,1,22,4,534,471,-1,-1,-1
126,1,22,3,535,472,-1,-1,-1
127,1,22,3,536,472,-1,-1,-1
128,1,23,3,535,471,-1,-1,-1
129,1,23,3,535,471,-1,-1,-1
130,1,23,3,536,470,-1,-1,-1
131,1,23,4,535,470,-1,-1,-1
132,1,23,4,536,470,-1,-1,-1
133,1,24,4,537,469,-1,-1,-1
134,1,24,4,537,469,-1,-1,-1
135,1,23,4,538,469,-1,-1,-1
136,1,23,4,539,469,-1,-1,-1
137,1,22,4,540,469,-1,-1,-1
138,1,25,5,539,467,-1,-1,-1
139,1,25,6,539,467,-1,-1,-1
140,1,25,7,539,466,-1,-1,-1
141,1,22,5,543,469,-1,-1,-1
142,1,21,4,544,470,-1,-1,-1
143,1,23,5,542,467,-1,-1,-1
144,1,23,5,541,466,-1,-1,-1
145,1,23,5,543,466,-1,-1,-1
146,1,22,6,544,466,-1,-1,-1
147,1,22,6,545,466,-1,-1,-1
148,1,21,6,545,466,-1,-1,-1
149,1,21,6,546,466,-1,-1,-1
150,1,19,4,548,468,-1,-1,-1
151,1,18,4,549,468,-1,-1,-1
152,1,19,4,550,469,-1,-1,-1
153,1,19,3,550,469,-1,-1,-1
154,1,19,4,550,469,-1,-1,-1
155,1,18,4,550,469,-1,-1,-1
156,1,18,5,550,468,-1,-1,-1
157,1,18,5,551,468,-1,-1,-1
158,1,18,5,552,468,-1,-1,-1
159,1,17,5,552,468,-1,-1,-1
160,1,17,5,551,467,-1,-1,-1
161,1,17,5,550,467,-1,-1,-1
162,1,16,5,552,468,-1,-1,-1
163,1,16,5,552,468,-1,-1,-1
164,1,15,5,552,468,-1,-1,-1
165,1,15,5,553,469,-1,-1,-1
166,1,15,4,554,469,-1,-1,-1
167,1,16,6,551,468,-1,-1,-1
168,1,16,6,551,467,-1,-1,-1
169,1,16,6,551,467,-1,-1,-1
170,1,16,6,551,467,-1,-1,-1
171,1,16,6,551,467,-1,-1,-1
172,1,16,6,551,468,-1,-1,-1
173,1,15,6,551,468,-1,-1,-1
174,1,15,6,551,468,-1,-1,-1
175,1,15,4,552,469,-1,-1,-1
176,1,15,4,552,469,-1,-1,-1
177,1,15,4,552,469,-1,-1,-1
178,1,14,4,552,469,-1,-1,-1
179,1,14,4,552,469,-1,-1,-1
180,1,15,4,552,469,-1,-1,-1
181,1,15,4,552,469,-1,-1,-1
182,1,14,4,552,469,-1,-1,-1
183,1,14,4,552,469,-1,-1,-1
184,1,15,3,553,470,-1,-1,-1
185,1,15,3,552,470,-1,-1,-1
186,1,15,3,552,471,-1,-1,-1
187,1,15,4,550,469,-1,-1,-1
188,1,15,4,550,469,-1,-1,-1
189,1,15,4,550,469,-1,-1,-1
190,1,15,4,550,469,-1,-1,-1
191,1,14,4,551,470,-1,-1,-1
192,1,14,3,551,470,-1,-1,-1
193,1,14,3,551,471,-1,-1,-1
194,1,15,3,551,471,-1,-1,-1
195,1,15,3,551,471,-1,-1,-1
196,1,16,3,549,470,-1,-1,-1
197,1,16,3,549,470,-1,-1,-1
198,1,16,3,548,470,-1,-1,-1
199,1,16,3,548,470,-1,-1,-1
200,1,17,3,548,469,-1,-1,-1
201,1,16,3,549,471,-1,-1,-1
202,1,15,3,550,471,-1,-1,-1
203,1,15,2,550,471,-1,-1,-1
204,1,17,4,549,470,-1,-1,-1
205,1,17,4,548,470,-1,-1,-1
206,1,17,4,548,470,-1,-1,-1
207,1,18,4,548,470,-1,-1,-1
208,1,16,3,549,471,-1,-1,-1
209,1,16,3,550,472,-1,-1,-1
210,1,15,3,550,472,-1,-1,-1
211,1,18,4,546,469,-1,-1,-1
212,1,19,4,545,468,-1,-1,-1
213,1,17,4,547,470,-1,-1,-1
214,1,17,4,547,470,-1,-1,-1
215,1,17,4,547,470,-1,-1,-1
216,1,17,5,546,469,-1,-1,-1
217,1,17,5,546,469,-1,-1,-1
218,1,17,5,546,469,-1,-1,-1
219,1,16,5,547,468,-1,-1,-1
220,1,16,5,547,468,-1,-1,-1
221,1,16,4,549,470,-1,-1,-1
222,1,17,4,549,470,-1,-1,-1
223,1,16,4,548,469,-1,-1,-1
224,1,14,3,549,471,-1,-1,-1
225,1,14,3,549,471,-1,-1,-1
226,1,16,4,547,469,-1,-1,-1
227,1,16,4,546,469,-1,-1,-1
228,1,17,4,546,469,-1,-1,-1
229,1,17,5,546,469,-1,-1,-1
230,1,17,5,546,469,-1,-1,-1
231,1,17,5,546,469,-1,-1,-1
232,1,17,5,546,469,-1,-1,-1
233,1,19,6,544,467,-1,-1,-1
234,1,19,6,543,466,-1,-1,-1
235,1,19,7,543,465,-1,-1,-1
236,1,18,6,545,467,-1,-1,-1
237,1,17,6,546,467,-1,-1,-1
238,1,17,5,548,469,-1,-1,-1
239,1,17,5,549,469,-1,-1,-1
240,1,16,5,550,469,-1,-1,-1
241,1,17,5,549,469,-1,-1,-1
242,1,18,5,549,469,-1,-1,-1
243,1,19,7,546,466,-1,-1,-1
244,1,19,7,545,465,-1,-1,-1
245,1,19,8,545,465,-1,-1,-1
246,1,18,6,548,467,-1,-1,-1
247,1,17,5,549,468,-1,-1,-1
248,1,16,5,550,468,-1,-1,-1
249,1,16,4,550,468,-1,-1,-1
250,1,15,4,551,469,-1,-1,-1
251,1,16,5,550,468,-1,-1,-1
252,1,16,5,550,468,-1,-1,-1
253,1,16,5,549,468,-1,-1,-1
254,1,17,5,548,468,-1,-1,-1
255,1,17,6,548,467,-1,-1,-1
256,1,17,5,549,468,-1,-1,-1
257,1,17,5,549,468,-1,-1,-1
258,1,17,5,549,468,-1,-1,-1
259,1,17,5,548,468,-1,-1,-1
260,1,17,5,548,468,-1,-1,-1
261,1,16,6,548,468,-1,-1,-1
262,1,16,6,548,467,-1,-1,-1
263,1,16,6,548,467,-1,-1,-1
264,1,16,6,548,467,-1,-1,-1
265,1,15,5,550,469,-1,-1,-1
266,1,15,5,550,469,-1,-1,-1
267,1,15,5,550,469,-1,-1,-1
268,1,16,4,549,469,-1,-1,-1
269,1,16,4,548,469,-1,-1,-1
270,1,15,4,550,470,-1,-1,-1
271,1,14,4,550,470,-1,-1,-1
272,1,14,3,550,471,-1,-1,-1
273,1,15,3,550,471,-1,-1,-1
274,1,15,3,550,471,-1,-1,-1
275,1,14,4,549,470,-1,-1,-1
276,1,14,4,548,470,-1,-1,-1
277,1,16,4,547,469,-1,-1,-1
278,1,16,4,547,469,-1,-1,-1
279,1,16,4,547,469,-1,-1,-1
280,1,16,5,548,469,-1,-1,-1
281,1,16,5,548,469,-1,-1,-1
282,1,16,5,549,470,-1,-1,-1
283,1,16,5,547,469,-1,-1,-1
284,1,15,5,547,469,-1,-1,-1
285,1,15,6,547,469,-1,-1,-1
286,1,15,4,548,470,-1,-1,-1
287,1,14,4,548,470,-1,-1,-1
288,1,14,3,548,471,-1,-1,-1
289,1,14,3,548,471,-1,-1,-1
290,1,14,2,547,472,-1,-1,-1
291,1,15,4,545,470,-1,-1,-1
292,1,15,5,545,469,-1,-1,-1
293,1,15,5,545,469,-1,-1,-1
294,1,16,6,545,469,-1,-1,-1
295,1,16,4,545,470,-1,-1,-1
296,1,16,4,545,470,-1,-1,-1
297,1,17,4,544,470,-1,-1,-1
298,1,17,4,543,470,-1,-1,-1
299,1,17,4,543,470,-1,-1,-1
300,1,16,4,543,471,-1,-1,-1
301,1,16,4,543,471,-1,-1,-1
302,1,15,4,543,471,-1,-1,-1
303,1,14,4,542,472,-1,-1,-1
304,1,14,4,541,472,-1,-1,-1
305,1,14,4,541,472,-1,-1,-1
306,1,15,4,541,472,-1,-1,-1
307,1,12,2,542,475,-1,-1,-1
308,1,11,2,541,475,-1,-1,-1
309,1,11,1,540,476,-1,-1,-1
310,1,8,3,539,475,-1,-1,-1
311,1,7,4,539,475,-1,-1,-1
312,1,4,6,535,471,-1,-1,-1
313,1,3,7,533,470,-1,-1,-1
314,1,3,8,532,470,-1,-1,-1
315,1,1,8,531,469,-1,-1,-1
316,1,0,9,530,469,-1,-1,-1
317,1,0,9,528,469,-1,-1,-1
318,1,0,10,527,468,-1,-1,-1
319,1,-2,6,528,472,-1,-1,-1
320,1,-3,5,527,473,-1,-1,-1
321,1,-3,5,526,473,-1,-1,-1
322,1,-7,1,527,478,-1,-1,-1
323,1,-8,0,525,479,-1,-1,-1
324,1,-9,0,521,478,-1,-1,-1
325,1,-8,0,518,478,-1,-1,-1
326,1,-11,0,515,478,-1,-1,-1
327,1,-11,0,512,479,-1,-1,-1
328,1,-10,0,509,479,-1,-1,-1
329,1,-12,0,505,478,-1,-1,-1
330,1,-12,0,502,478,-1,-1,-1
331,1,-11,0,499,478,-1,-1,-1
332,1,-10,0,497,479,-1,-1,-1
333,1,-9,0,494,479,-1,-1,-1
334,1,-10,0,492,479,-1,-1,-1
335,1,-9,0,490,480,-1,-1,-1
336,1,-4,0,488,479,-1,-1,-1
337,1,1,0,487,479,-1,-1,-1
338,1,4,0,486,480,-1,-1,-1
339,1,10,0,484,480,-1,-1,-1
340,1,13,0,482,480,-1,-1,-1
341,1,21,1,476,476,-1,-1,-1
342,1,24,2,473,475,-1,-1,-1
343,1,34,2,471,476,-1,-1,-1
344,1,38,2,469,476,-1,-1,-1
345,1,52,2,464,475,-1,-1,-1
346,1,58,2,460,475,-1,-1,-1
347,1,67,0,458,476,-1,-1,-1
348,1,71,0,454,477,-1,-1,-1
349,1,82,0,451,478,-1,-1,-1
350,1,87,0,448,478,-1,-1,-1
351,1,98,0,444,479,-1,-1,-1
352,1,102,0,440,479,-1,-1,-1
353,1,110,0,438,479,-1,-1,-1
354,1,114,0,436,479,-1,-1,-1
355,1,119,0,435,480,-1,-1,-1
356,1,122,0,433,480,-1,-1,-1
357,1,128,0,432,480,-1,-1,-1
358,1,130,0,431,480,-1,-1,-1
359,1,136,0,430,480,-1,-1,-1
360,1,138,0,430,480,-1,-1,-1
361,1,142,0,429,480,-1,-1,-1
362,1,143,0,428,480,-1,-1,-1
363,1,145,0,428,480,-1,-1,-1
364,1,146,0,428,480,-1,-1,-1
365,1,147,0,429,480,-1,-1,-1
366,1,147,0,429,480,-1,-1,-1
367,1,149,0,431,480,-1,-1,-1
368,1,149,0,432,480,-1,-1,-1
369,1,148,0,434,480,-1,-1,-1
370,1,148,0,437,480,-1,-1,-1
371,1,147,0,438,480,-1,-1,-1
372,1,147,0,440,480,-1,-1,-1
373,1,146,0,441,480,-1,-1,-1
374,1,145,0,441,480,-1,-1,-1
375,1,144,0,443,480,-1,-1,-1
376,1,143,0,444,480,-1,-1,-1
377,1,139,0,443,479,-1,-1,-1
378,1,137,0,442,479,-1,-1,-1
379,1,130,0,440,479,-1,-1,-1
380,1,128,0,438,479,-1,-1,-1
381,1,128,0,436,479,-1,-1,-1
382,1,126,0,433,479,-1,-1,-1
383,1,121,0,428,480,-1,-1,-1
384,1,120,0,425,480,-1,-1,-1
385,1,121,0,421,480,-1,-1,-1
386,1,121,0,416,479,-1,-1,-1
387,1,117,0,411,479,-1,-1,-1
388,1,117,0,407,479,-1,-1,-1
389,1,114,0,402,479,-1,-1,-1
390,1,112,0,398,479,-1,-1,-1
391,1,111,1,392,478,-1,-1,-1
392,1,111,1,388,478,-1,-1,-1
393,1,110,1,385,478,-1,-1,-1
394,1,111,2,382,477,-1,-1,-1
395,1,113,2,379,477,-1,-1,-1
396,1,115,2,376,477,-1,-1,-1
397,1,117,2,374,477,-1,-1,-1
398,1,120,1,372,478,-1,-1,-1
399,1,122,1,370,478,-1,-1,-1
400,1,125,0,368,479,-1,-1,-1
401,1,127,0,366,479,-1,-1,-1
402,1,129,0,364,480,-1,-1,-1
403,1,133,0,363,480,-1,-1,-1
404,1,142,0,362,480,-1,-1,-1
405,1,146,0,361,480,-1,-1,-1
406,1,147,0,360,480,-1,-1,-1
407,1,148,0,360,480,-1,-1,-1
408,1,154,0,359,480,-1,-1,-1
409,1,156,0,359,480,-1,-1,-1
410,1,161,0,358,480,-1,-1,-1
411,1,173,0,359,480,-1,-1,-1
412,1,178,0,359,480,-1,-1,-1
413,1,180,0,360,480,-1,-1,-1
414,1,181,0,361,480,-1,-1,-1
415,1,188,0,364,480,-1,-1,-1
416,1,200,0,366,480,-1,-1,-1
417,1,203,0,368,480,-1,-1,-1
418,1,210,0,369,480,-1,-1,-1
419,1,212,0,370,480,-1,-1,-1
420,1,225,0,370,480,-1,-1,-1
421,1,238,0,372,480,-1,-1,-1
422,1,242,0,374,480,-1,-1,-1
423,1,254,0,374,480,-1,-1,-1
424,1,259,0,375,480,-1,-1,-1
425,1,271,0,373,480,-1,-1,-1
426,1,282,0,369,480,-1,-1,-1
427,1,287,0,366,480,-1,-1,-1
428,1,295,0,362,479,-1,-1,-1
429,1,299,0,358,479,-1,-1,-1
430,1,305,1,353,478,-1,-1,-1
431,1,312,1,349,478,-1,-1,-1
432,1,315,2,345,477,-1,-1,-1
433,1,319,1,341,478,-1,-1,-1
434,1,322,1,337,478,-1,-1,-1
435,1,325,0,333,479,-1,-1,-1
436,1,327,0,330,479,-1,-1,-1
437,1,328,0,327,479,-1,-1,-1
438,1,330,0,324,480,-1,-1,-1
439,1,331,0,321,480,-1,-1,-1
440,1,332,0,319,480,-1,-1,-1
441,1,333,0,317,480,-1,-1,-1
442,1,335,0,314,480,-1,-1,-1
443,1,336,0,312,480,-1,-1,-1
444,1,338,0,310,480,-1,-1,-1
445,1,340,0,308,480,-1,-1,-1
446,1,342,0,306,480,-1,-1,-1
447,1,344,0,303,480,-1,-1,-1
448,1,345,0,301,480,-1,-1,-1
449,1,345,0,300,480,-1,-1,-1
450,1,347,0,298,480,-1,-1,-1
451,1,349,0,297,480,-1,-1,-1
452,1,352,0,295,480,-1,-1,-1
453,1,354,0,293,480,-1,-1,-1
454,1,356,0,291,480,-1,-1,-1
455,1,358,0,289,480,-1,-1,-1
456,1,359,0,287,480,-1,-1,-1
457,1,361,0,284,479,-1,-1,-1
458,1,363,0,283,479,-1,-1,-1
459,1,364,0,281,479,-1,-1,-1
460,1,363,0,280,479,-1,-1,-1
461,1,364,0,279,479,-1,-1,-1
462,1,363,0,278,479,-1,-1,-1
463,1,362,0,278,479,-1,-1,-1
464,1,361,0,278,480,-1,-1,-1
465,1,360,0,278,480,-1,-1,-1
466,1,359,0,278,480,-1,-1,-1
467,1,356,0,278,480,-1,-1,-1
468,1,355,0,279,480,-1,-1,-1
469,1,352,0,280,480,-1,-1,-1
470,1,348,0,282,480,-1,-1,-1
471,1,346,0,284,480,-1,-1,-1
472,1,342,0,286,480,-1,-1,-1
473,1,340,0,288,480,-1,-1,-1
474,1,336,0,291,480,-1,-1,-1
475,1,334,0,293,480,-1,-1,-1
476,1,329,0,296,480,-1,-1,-1
477,1,322,0,300,480,-1,-1,-1
478,1,318,0,303,480,-1,-1,-1
479,1,311,0,307,480,-1,-1,-1
480,1,304,0,312,480,-1,-1,-1
481,1,294,0,317,480,-1,-1,-1
482,1,289,0,321,480,-1,-1,-1
483,1,279,0,325,480,-1,-1,-1
484,1,274,0,329,480,-1,-1,-1
485,1,266,0,333,480,-1,-1,-1
486,1,257,0,336,480,-1,-1,-1
487,1,253,0,339,480,-1,-1,-1
488,1,242,0,343,480,-1,-1,-1
489,1,237,0,347,480,-1,-1,-1
490,1,227,0,350,480,-1,-1,-1
491,1,214,0,354,480,-1,-1,-1
492,1,187,0,361,480,-1,-1,-1
493,1,167,0,369,479,-1,-1,-1
494,1,158,0,377,479,-1,-1,-1
495,1,153,2,384,477,-1,-1,-1
496,1,149,2,391,477,-1,-1,-1
497,1,145,3,398,476,-1,-1,-1
498,1,141,2,406,477,-1,-1,-1
499,1,138,2,413,477,-1,-1,-1
500,1,133,2,420,477,-1,-1,-1
501,1,130,2,426,477,-1,-1,-1
502,1,126,2,432,476,-1,-1,-1
503,1,126,2,438,477,-1,-1,-1
504,1,124,2,444,477,-1,-1,-1
505,1,123,2,448,477,-1,-1,-1
506,1,122,2,452,477,-1,-1,-1
507,1,120,3,456,476,-1,-1,-1
508,1,119,2,459,477,-1,-1,-1
509,1,119,2,461,477,-1,-1,-1
510,1,119,2,463,477,-1,-1,-1
511,1,124,1,461,478,-1,-1,-1
512,1,126,1,460,478,-1,-1,-1
513,1,134,0,457,479,-1,-1,-1
514,1,138,0,454,479,-1,-1,-1
515,1,146,0,450,480,-1,-1,-1
516,1,158,0,444,479,-1,-1,-1
517,1,164,0,438,479,-1,-1,-1
518,1,170,0,432,479,-1,-1,-1
519,1,174,0,427,479,-1,-1,-1
520,1,180,0,420,480,-1,-1,-1
521,1,185,0,413,480,-1,-1,-1
522,1,189,0,407,480,-1,-1,-1
523,1,193,0,401,480,-1,-1,-1
524,1,196,0,396,480,-1,-1,-1
525,1,199,0,392,480,-1,-1,-1
526,1,202,0,388,480,-1,-1,-1
527,1,204,0,385,480,-1,-1,-1
528,1,205,0,382,480,-1,-1,-1
529,1,206,0,380,480,-1,-1,-1
530,1,207,0,378,480,-1,-1,-1
531,1,206,0,376,480,-1,-1,-1
532,1,207,0,375,480,-1,-1,-1
533,1,205,0,374,480,-1,-1,-1
534,1,195,0,374,480,-1,-1,-1
535,1,189,0,374,480,-1,-1,-1
536,1,186,0,374,480,-1,-1,-1
537,1,182,0,374,480,-1,-1,-1
538,1,176,0,376,480,-1,-1,-1
539,1,174,0,377,480,-1,-1,-1
540,1,170,0,378,480,-1,-1,-1
541,1,163,0,381,480,-1,-1,-1
542,1,160,0,383,480,-1,-1,-1
543,1,156,0,385,480,-1,-1,-1
544,1,153,0,388,480,-1,-1,-1
545,1,152,0,390,480,-1,-1,-1
546,1,150,0,392,480,-1,-1,-1
547,1,148,0,394,480,-1,-1,-1
548,1,150,0,395,480,-1,-1,-1
549,1,151,0,395,480,-1,-1,-1
550,1,152,0,396,480,-1,-1,-1
551,1,153,0,395,480,-1,-1,-1
552,1,155,0,395,480,-1,-1,-1
553,1,156,0,394,480,-1,-1,-1
554,1,160,0,393,480,-1,-1,-1
555,1,165,0,390,479,-1,-1,-1
556,1,168,0,388,479,-1,-1,-1
557,1,171,0,386,479,-1,-1,-1
558,1,176,0,384,479,-1,-1,-1
559,1,178,0,383,479,-1,-1,-1
560,1,182,0,381,479,-1,-1,-1
561,1,188,0,380,480,-1,-1,-1
562,1,190,0,380,480,-1,-1,-1
563,1,193,0,379,480,-1,-1,-1
564,1,200,0,378,480,-1,-1,-1
565,1,203,0,378,480,-1,-1,-1
566,1,205,0,378,480,-1,-1,-1
567,1,206,0,377,480,-1,-1,-1
568,1,203,0,378,480,-1,-1,-1
569,1,200,0,378,480,-1,-1,-1
570,1,199,0,378,480,-1,-1,-1
571,1,195,0,378,479,-1,-1,-1
572,1,189,0,380,479,-1,-1,-1
573,1,186,0,382,479,-1,-1,-1
574,1,181,0,383,479,-1,-1,-1
575,1,174,1,383,477,-1,-1,-1
576,1,167,0,385,479,-1,-1,-1
577,1,161,0,387,479,-1,-1,-1
578,1,159,0,388,479,-1,-1,-1
579,1,155,0,389,479,-1,-1,-1
580,1,152,0,391,480,-1,-1,-1
581,1,151,0,392,480,-1,-1,-1
582,1,150,0,393,480,-1,-1,-1
583,1,148,0,395,480,-1,-1,-1
584,1,147,0,396,480,-1,-1,-1
585,1,147,0,398,480,-1,-1,-1
586,1,147,0,399,480,-1,-1,-1
587,1,147,0,400,480,-1,-1,-1
588,1,146,0,401,480,-1,-1,-1
589,1,145,0,401,480,-1,-1,-1
590,1,147,0,402,480,-1,-1,-1
591,1,147,0,402,480,-1,-1,-1
592,1,148,0,402,480,-1,-1,-1
593,1,147,0,402,480,-1,-1,-1
594,1,147,0,402,480,-1,-1,-1
595,1,147,0,401,480,-1,-1,-1
596,1,147,0,401,480,-1,-1,-1
597,1,147,0,400,480,-1,-1,-1
598,1,148,0,399,480,-1,-1,-1
599,1,147,0,398,480,-1,-1,-1
600,1,146,0,398,480,-1,-1,-1
601,1,146,0,397,480,-1,-1,-1
602,1,146,0,396,480,-1,-1,-1
603,1,147,0,395,480,-1,-1,-1
604,1,145,0,394,480,-1,-1,-1
605,1,144,0,393,480,-1,-1,-1
606,1,144,0,392,480,-1,-1,-1
607,1,143,0,391,480,-1,-1,-1
608,1,142,0,390,480,-1,-1,-1
609,1,142,0,389,480,-1,-1,-1
610,1,141,0,389,480,-1,-1,-1
611,1,141,0,388,480,-1,-1,-1
612,1,141,0,387,480,-1,-1,-1
613,1,141,0,387,480,-1,-1,-1
614,1,141,0,386,480,-1,-1,-1
615,1,139,0,386,480,-1,-1,-1
616,1,139,0,386,480,-1,-1,-1
617,1,138,0,386,480,-1,-1,-1
618,1,137,0,386,480,-1,-1,-1
619,1,136,0,386,480,-1,-1,-1
620,1,135,0,386,480,-1,-1,-1
621,1,135,0,386,480,-1,-1,-1
622,1,134,0,386,480,-1,-1,-1
623,1,134,0,386,480,-1,-1,-1
624,1,133,0,386,480,-1,-1,-1
625,1,133,0,386,480,-1,-1,-1
626,1,133,0,386,480,-1,-1,-1
627,1,132,0,386,480,-1,-1,-1
628,1,132,0,387,480,-1,-1,-1
629,1,131,0,387,480,-1,-1,-1
630,1,131,0,387,480,-1,-1,-1
631,1,130,0,387,480,-1,-1,-1
632,1,131,0,387,479,-1,-1,-1
633,1,132,0,388,479,-1,-1,-1
634,1,132,0,389,479,-1,-1,-1
635,1,132,0,389,479,-1,-1,-1
636,1,131,0,390,479,-1,-1,-1
637,1,132,0,392,479,-1,-1,-1
638,1,132,0,393,480,-1,-1,-1
639,1,132,0,394,480,-1,-1,-1
640,1,133,0,396,480,-1,-1,-1
641,1,133,0,397,480,-1,-1,-1
642,1,134,0,398,479,-1,-1,-1
643,1,134,0,399,479,-1,-1,-1
644,1,135,0,400,479,-1,-1,-1
645,1,136,0,402,479,-1,-1,-1
646,1,136,0,403,479,-1,-1,-1
647,1,138,0,403,479,-1,-1,-1
648,1,139,0,404,479,-1,-1,-1
649,1,141,0,404,479,-1,-1,-1
650,1,142,0,404,478,-1,-1,-1
651,1,145,0,405,479,-1,-1,-1
652,1,150,0,406,479,-1,-1,-1
653,1,151,0,406,479,-1,-1,-1
654,1,154,0,407,480,-1,-1,-1
655,1,154,0,407,480,-1,-1,-1
656,1,160,0,409,480,-1,-1,-1
657,1,165,0,412,480,-1,-1,-1
658,1,166,0,414,480,-1,-1,-1
659,1,173,0,417,480,-1,-1,-1
660,1,174,0,419,480,-1,-1,-1
661,1,188,0,422,479,-1,-1,-1
662,1,192,0,425,479,-1,-1,-1
663,1,196,0,429,479,-1,-1,-1
664,1,200,0,431,479,-1,-1,-1
665,1,203,0,432,479,-1,-1,-1
666,1,204,0,432,479,-1,-1,-1
667,1,205,0,433,480,-1,-1,-1
668,1,205,0,434,480,-1,-1,-1
669,1,203,0,434,480,-1,-1,-1
670,1,210,0,432,480,-1,-1,-1
671,1,213,0,430,480,-1,-1,-1
672,1,226,0,425,480,-1,-1,-1
673,1,233,0,421,479,-1,-1,-1
674,1,237,0,417,479,-1,-1,-1
675,1,241,0,413,479,-1,-1,-1
676,1,244,0,409,478,-1,-1,-1
677,1,249,0,405,478,-1,-1,-1
678,1,255,0,400,478,-1,-1,-1
679,1,258,0,396,478,-1,-1,-1
680,1,262,0,393,478,-1,-1,-1
681,1,264,0,390,478,-1,-1,-1
682,1,266,0,387,478,-1,-1,-1
683,1,268,0,384,479,-1,-1,-1
684,1,269,0,382,479,-1,-1,-1
685,1,271,1,379,478,-1,-1,-1
686,1,272,1,377,478,-1,-1,-1
687,1,271,2,375,478,-1,-1,-1
688,1,269,2,373,477,-1,-1,-1
689,1,265,0,374,478,-1,-1,-1
690,1,261,1,374,477,-1,-1,-1
691,1,260,1,374,477,-1,-1,-1
692,1,257,2,375,477,-1,-1,-1
693,1,256,2,376,477,-1,-1,-1
694,1,250,2,377,475,-1,-1,-1
695,1,244,2,381,476,-1,-1,-1
696,1,240,2,384,476,-1,-1,-1
697,1,235,2,387,475,-1,-1,-1
698,1,232,2,390,475,-1,-1,-1
699,1,226,2,394,475,-1,-1,-1
700,1,219,2,399,475,-1,-1,-1
701,1,216,2,403,475,-1,-1,-1
702,1,214,3,406,475,-1,-1,-1
703,1,211,2,410,475,-1,-1,-1
704,1,208,2,413,475,-1,-1,-1
705,1,206,2,417,475,-1,-1,-1
706,1,204,3,419,475,-1,-1,-1
707,1,202,3,422,475,-1,-1,-1
708,1,200,3,425,474,-1,-1,-1
709,1,199,3,427,474,-1,-1,-1
710,1,198,3,429,474,-1,-1,-1
711,1,197,3,431,474,-1,-1,-1
712,1,195,4,433,473,-1,-1,-1
713,1,194,4,434,473,-1,-1,-1
714,1,192,3,437,474,-1,-1,-1
715,1,191,3,439,474,-1,-1,-1
716,1,190,3,441,474,-1,-1,-1
717,1,188,3,442,474,-1,-1,-1
718,1,187,2,444,475,-1,-1,-1
719,1,186,2,445,475,-1,-1,-1
720,1,183,2,446,476,-1,-1,-1
721,1,181,2,447,475,-1,-1,-1
722,1,179,1,448,475,-1,-1,-1
723,1,177,1,449,475,-1,-1,-1
724,1,175,1,451,475,-1,-1,-1
725,1,173,0,452,475,-1,-1,-1
726,1,169,0,455,475,-1,-1,-1
727,1,165,0,457,475,-1,-1,-1
728,1,163,0,459,475,-1,-1,-1
729,1,160,0,462,476,-1,-1,-1
730,1,159,0,464,476,-1,-1,-1
731,1,153,0,467,476,-1,-1,-1
732,1,150,0,468,475,-1,-1,-1
733,1,148,0,470,475,-1,-1,-1
734,1,143,0,473,475,-1,-1,-1
735,1,138,0,476,475,-1,-1,-1
736,1,135,0,479,475,-1,-1,-1
737,1,131,0,483,476,-1,-1,-1
738,1,129,0,485,476,-1,-1,-1
739,1,126,0,488,476,-1,-1,-1
740,1,125,0,490,476,-1,-1,-1
741,1,123,0,493,476,-1,-1,-1
742,1,122,0,496,476,-1,-1,-1
743,1,121,0,499,476,-1,-1,-1
744,1,121,0,501,476,-1,-1,-1
745,1,120,0,503,476,-1,-1,-1
746,1,120,0,505,476,-1,-1,-1
747,1,120,0,507,476,-1,-1,-1
748,1,120,0,509,476,-1,-1,-1
749,1,120,0,509,477,-1,-1,-1
750,1,123,0,510,478,-1,-1,-1
751,1,124,0,510,478,-1,-1,-1
752,1,125,0,508,477,-1,-1,-1
753,1,126,0,504,476,-1,-1,-1
754,1,127,0,501,476,-1,-1,-1
755,1,130,0,497,477,-1,-1,-1
756,1,135,1,491,476,-1,-1,-1
757,1,138,1,486,476,-1,-1,-1
758,1,141,2,483,477,-1,-1,-1
759,1,146,0,479,479,-1,-1,-1
760,1,150,0,474,479,-1,-1,-1
761,1,156,0,468,480,-1,-1,-1
762,1,161,1,462,478,-1,-1,-1
763,1,164,1,457,478,-1,-1,-1
764,1,171,4,450,475,-1,-1,-1
765,1,175,5,444,474,-1,-1,-1
766,1,182,4,441,476,-1,-1,-1
767,1,186,3,436,476,-1,-1,-1
768,1,189,3,432,476,-1,-1,-1
769,1,193,3,427,476,-1,-1,-1
770,1,195,2,423,477,-1,-1,-1
771,1,197,2,420,477,-1,-1,-1
772,1,197,2,416,477,-1,-1,-1
773,1,201,2,412,478,-1,-1,-1
774,1,203,1,408,478,-1,-1,-1
775,1,206,1,404,478,-1,-1,-1
776,1,208,1,400,478,-1,-1,-1
777,1,209,1,397,478,-1,-1,-1
778,1,211,1,394,478,-1,-1,-1
779,1,212,1,391,478,-1,-1,-1
780,1,212,0,390,479,-1,-1,-1
781,1,211,0,388,479,-1,-1,-1
782,1,212,0,387,480,-1,-1,-1
783,1,212,1,385,478,-1,-1,-1
784,1,212,1,384,478,-1,-1,-1
785,1,209,1,385,478,-1,-1,-1
786,1,206,1,385,478,-1,-1,-1
787,1,205,1,385,478,-1,-1,-1
788,1,205,0,386,479,-1,-1,-1
789,1,205,1,385,478,-1,-1,-1
790,1,205,1,386,478,-1,-1,-1
791,1,205,1,386,478,-1,-1,-1
792,1,204,2,386,477,-1,-1,-1
793,1,201,2,386,477,-1,-1,-1
794,1,200,2,387,477,-1,-1,-1
795,1,199,2,386,477,-1,-1,-1
796,1,197,2,386,477,-1,-1,-1
797,1,196,3,386,476,-1,-1,-1
798,1,194,2,386,477,-1,-1,-1
799,1,194,2,385,477,-1,-1,-1
800,1,195,2,385,477,-1,-1,-1
801,1,193,2,385,477,-1,-1,-1
802,1,190,2,384,477,-1,-1,-1
803,1,190,2,384,477,-1,-1,-1
804,1,188,2,383,477,-1,-1,-1
805,1,187,2,383,477,-1,-1,-1
806,1,186,2,383,477,-1,-1,-1
807,1,185,2,383,477,-1,-1,-1
808,1,184,1,383,478,-1,-1,-1
809,1,183,1,382,478,-1,-1,-1
810,1,181,0,382,479,-1,-1,-1
811,1,179,0,382,479,-1,-1,-1
812,1,178,0,382,479,-1,-1,-1
813,1,177,0,382,479,-1,-1,-1
814,1,176,0,380,479,-1,-1,-1
815,1,176,0,379,480,-1,-1,-1
816,1,177,0,377,480,-1,-1,-1
817,1,177,0,375,480,-1,-1,-1
818,1,177,0,373,480,-1,-1,-1
819,1,176,0,372,480,-1,-1,-1
820,1,172,0,370,480,-1,-1,-1
821,1,168,0,369,480,-1,-1,-1
822,1,165,0,367,480,-1,-1,-1
823,1,164,0,366,480,-1,-1,-1
824,1,161,0,364,479,-1,-1,-1
825,1,156,0,363,479,-1,-1,-1
826,1,155,0,362,479,-1,-1,-1
827,1,153,0,361,478,-1,-1,-1
828,1,150,0,360,479,-1,-1,-1
829,1,150,0,359,479,-1,-1,-1
830,1,146,0,357,479,-1,-1,-1
831,1,142,0,357,479,-1,-1,-1
832,1,136,0,357,479,-1,-1,-1
833,1,134,0,357,479,-1,-1,-1
834,1,132,0,357,480,-1,-1,-1
835,1,131,0,357,480,-1,-1,-1
836,1,128,0,358,480,-1,-1,-1
837,1,125,0,358,480,-1,-1,-1
838,1,123,0,358,480,-1,-1,-1
839,1,119,0,359,480,-1,-1,-1
840,1,115,0,359,480,-1,-1,-1
841,1,114,0,360,480,-1,-1,-1
842,1,111,0,360,480,-1,-1,-1
843,1,109,0,362,480,-1,-1,-1
844,1,105,0,363,480,-1,-1,-1
845,1,104,0,364,480,-1,-1,-1
846,1,101,0,365,480,-1,-1,-1
847,1,97,0,365,480,-1,-1,-1
848,1,95,0,364,480,-1,-1,-1
849,1,92,0,364,480,-1,-1,-1
850,1,89,0,363,480,-1,-1,-1
851,1,88,0,363,480,-1,-1,-1
852,1,87,0,362,480,-1,-1,-1
853,1,86,0,362,480,-1,-1,-1
854,1,85,0,362,480,-1,-1,-1
855,1,84,0,362,480,-1,-1,-1
856,1,82,0,361,480,-1,-1,-1
857,1,81,0,361,480,-1,-1,-1
858,1,80,0,361,480,-1,-1,-1
859,1,80,0,361,480,-1,-1,-1
860,1,78,0,360,480,-1,-1,-1
861,1,76,0,361,480,-1,-1,-1
862,1,75,0,361,480,-1,-1,-1
863,1,75,0,362,480,-1,-1,-1
864,1,74,0,362,480,-1,-1,-1
865,1,72,0,363,480,-1,-1,-1
866,1,70,0,364,480,-1,-1,-1
867,1,67,0,365,480,-1,-1,-1
868,1,66,0,365,480,-1,-1,-1
869,1,65,0,366,480,-1,-1,-1
870,1,63,0,367,480,-1,-1,-1
871,1,64,0,368,480,-1,-1,-1
872,1,63,0,369,480,-1,-1,-1
873,1,64,0,371,480,-1,-1,-1
874,1,65,0,374,480,-1,-1,-1
875,1,65,0,377,480,-1,-1,-1
876,1,66,0,383,480,-1,-1,-1
877,1,67,0,389,480,-1,-1,-1
878,1,66,0,395,480,-1,-1,-1
879,1,70,0,403,480,-1,-1,-1
880,1,72,0,410,480,-1,-1,-1
881,1,76,1,418,478,-1,-1,-1
882,1,75,1,425,477,-1,-1,-1
883,1,71,1,432,478,-1,-1,-1
884,1,83,2,442,476,-1,-1,-1
885,1,85,2,451,476,-1,-1,-1
886,1,69,1,457,477,-1,-1,-1
887,1,62,1,460,478,-1,-1,-1
888,1,66,3,462,475,-1,-1,-1
889,1,67,3,468,474,-1,-1,-1
890,1,66,4,473,473,-1,-1,-1
891,1,66,4,477,474,-1,-1,-1
892,1,72,3,490,475,-1,-1,-1
893,1,70,3,501,475,-1,-1,-1
894,1,69,2,512,477,-1,-1,-1
895,1,65,2,521,477,-1,-1,-1
896,1,61,2,528,477,-1,-1,-1
897,1,61,2,534,478,-1,-1,-1
898,1,64,2,538,476,-1,-1,-1
899,1,63,1,543,478,-1,-1,-1
900,1,64,1,547,478,-1,-1,-1
901,1,63,1,550,478,-1,-1,-1
902,1,65,0,553,478,-1,-1,-1
903,1,69,0,555,478,-1,-1,-1
904,1,70,0,557,479,-1,-1,-1
905,1,76,0,556,478,-1,-1,-1
906,1,79,0,555,477,-1,-1,-1
907,1,84,0,554,476,-1,-1,-1
908,1,86,0,553,476,-1,-1,-1
909,1,93,0,551,475,-1,-1,-1
910,1,100,0,549,477,-1,-1,-1
911,1,106,0,544,477,-1,-1,-1
912,1,110,0,542,478,-1,-1,-1
913,1,117,1,535,475,-1,-1,-1
914,1,120,2,530,474,-1,-1,-1
915,1,124,2,526,473,-1,-1,-1
916,1,128,2,523,472,-1,-1,-1
917,1,133,3,517,469,-1,-1,-1
918,1,136,3,513,469,-1,-1,-1
919,1,138,4,510,468,-1,-1,-1
920,1,141,3,508,469,-1,-1,-1
921,1,144,3,505,468,-1,-1,-1
922,1,144,3,503,469,-1,-1,-1
923,1,144,3,502,469,-1,-1,-1
924,1,144,3,500,469,-1,-1,-1
925,1,142,2,500,471,-1,-1,-1
926,1,135,2,501,472,-1,-1,-1
927,1,132,2,501,472,-1,-1,-1
928,1,131,1,502,473,-1,-1,-1
929,1,130,2,502,472,-1,-1,-1
930,1,129,2,502,472,-1,-1,-1
931,1,126,3,502,471,-1,-1,-1
932,1,122,3,503,471,-1,-1,-1
933,1,116,2,507,472,-1,-1,-1
934,1,113,2,509,472,-1,-1,-1
935,1,97,3,512,472,-1,-1,-1
936,1,87,2,515,473,-1,-1,-1
937,1,81,2,520,474,-1,-1,-1
938,1,78,2,523,474,-1,-1,-1
939,1,69,1,529,473,-1,-1,-1
940,1,63,1,535,473,-1,-1,-1
941,1,59,1,541,473,-1,-1,-1
942,1,52,1,547,473,-1,-1,-1
943,1,48,0,553,473,-1,-1,-1
944,1,39,2,553,470,-1,-1,-1
945,1,32,2,557,471,-1,-1,-1
946,1,27,1,558,471,-1,-1,-1
947,1,25,1,559,471,-1,-1,-1
948,1,24,1,559,471,-1,-1,-1
949,1,8,0,558,474,-1,-1,-1
950,1,4,0,555,475,-1,-1,-1
951,1,-4,0,552,476,-1,-1,-1
952,1,-6,0,549,477,-1,-1,-1
953,1,-6,0,546,477,-1,-1,-1
954,1,-4,0,544,478,-1,-1,-1
955,1,-3,0,540,478,-1,-1,-1
956,1,2,1,534,471,-1,-1,-1
957,1,4,1,532,469,-1,-1,-1
958,1,1,1,535,473,-1,-1,-1
959,1,0,1,535,475,-1,-1,-1
960,1,0,1,535,475,-1,-1,-1
961,1,0,0,534,477,-1,-1,-1
962,1,0,1,531,476,-1,-1,-1
963,1,0,1,529,476,-1,-1,-1
964,1,2,4,525,473,-1,-1,-1
965,1,3,5,522,472,-1,-1,-1
966,1,5,6,520,471,-1,-1,-1
967,1,6,6,519,471,-1,-1,-1
968,1,6,7,516,469,-1,-1,-1
969,1,7,6,517,470,-1,-1,-1
970,1,7,6,516,470,-1,-1,-1
971,1,8,5,516,471,-1,-1,-1
972,1,9,5,516,471,-1,-1,-1
973,1,9,3,516,472,-1,-1,-1
974,1,9,3,515,472,-1,-1,-1
975,1,9,3,515,473,-1,-1,-1
976,1,10,2,516,474,-1,-1,-1
977,1,11,2,516,474,-1,-1,-1
978,1,12,2,515,475,-1,-1,-1
979,1,12,2,515,475,-1,-1,-1
980,1,14,3,513,473,-1,-1,-1
981,1,14,3,512,473,-1,-1,-1
982,1,18,5,510,471,-1,-1,-1
983,1,19,5,509,470,-1,-1,-1
984,1,20,7,507,468,-1,-1,-1
985,1,20,8,507,468,-1,-1,-1
986,1,20,9,506,467,-1,-1,-1
987,1,21,10,507,466,-1,-1,-1
988,1,20,8,509,468,-1,-1,-1
989,1,19,7,510,469,-1,-1,-1
990,1,20,7,511,470,-1,-1,-1
991,1,20,7,511,470,-1,-1,-1
992,1,21,7,510,469,-1,-1,-1
993,1,22,7,509,469,-1,-1,-1
994,1,23,8,509,469,-1,-1,-1
995,1,23,8,509,468,-1,-1,-1
996,1,23,8,509,468,-1,-1,-1
997,1,23,5,513,472,-1,-1,-1
998,1,23,4,514,474,-1,-1,-1
999,1,24,4,514,474,-1,-1,-1
1000,1,25,3,514,474,-1,-1,-1
1001,1,26,3,514,474,-1,-1,-1
1002,1,27,2,514,474,-1,-1,-1
1003,1,29,3,513,472,-1,-1,-1
1004,1,30,4,513,471,-1,-1,-1
1005,1,30,3,514,472,-1,-1,-1
1006,1,30,3,515,472,-1,-1,-1
1007,1,30,3,514,472,-1,-1,-1
1008,1,30,3,515,472,-1,-1,-1
1009,1,30,3,515,472,-1,-1,-1
1010,1,30,3,515,472,-1,-1,-1
1011,1,30,3,515,472,-1,-1,-1
1012,1,31,4,515,471,-1,-1,-1
1013,1,31,5,514,470,-1,-1,-1
1014,1,31,5,514,470,-1,-1,-1
1015,1,31,4,516,471,-1,-1,-1
1016,1,31,4,516,471,-1,-1,-1
1017,1,30,4,517,471,-1,-1,-1
1018,1,30,3,517,472,-1,-1,-1
1019,1,31,3,517,472,-1,-1,-1
1020,1,30,3,518,473,-1,-1,-1
1021,1,30,3,517,473,-1,-1,-1
1022,1,30,2,517,473,-1,-1,-1
1023,1,30,3,517,473,-1,-1,-1
1024,1,29,3,517,473,-1,-1,-1
1025,1,28,3,517,473,-1,-1,-1
1026,1,29,3,516,473,-1,-1,-1
1027,1,30,3,516,473,-1,-1,-1
1028,1,29,3,516,473,-1,-1,-1
1029,1,31,5,514,471,-1,-1,-1
1030,1,31,5,513,470,-1,-1,-1
1031,1,30,5,513,470,-1,-1,-1
1032,1,30,5,514,470,-1,-1,-1
1033,1,30,5,514,470,-1,-1,-1
1034,1,30,5,513,470,-1,-1,-1
1035,1,29,5,514,471,-1,-1,-1
1036,1,29,5,514,471,-1,-1,-1
1037,1,30,5,514,471,-1,-1,-1
1038,1,29,4,515,472,-1,-1,-1
1039,1,29,4,515,472,-1,-1,-1
1040,1,29,4,515,472,-1,-1,-1
1041,1,30,4,514,471,-1,-1,-1
1042,1,30,4,513,470,-1,-1,-1
1043,1,30,4,513,470,-1,-1,-1
1044,1,30,5,513,469,-1,-1,-1
1045,1,30,5,513,469,-1,-1,-1
1046,1,29,5,514,470,-1,-1,-1
1047,1,28,4,515,471,-1,-1,-1
1048,1,28,4,515,471,-1,-1,-1
1049,1,28,4,515,471,-1,-1,-1
1050,1,28,3,515,471,-1,-1,-1
1051,1,28,4,514,470,-1,-1,-1
1052,1,29,4,514,470,-1,-1,-1
1053,1,28,4,516,471,-1,-1,-1
1054,1,28,4,516,471,-1,-1,-1
1055,1,28,4,517,471,-1,-1,-1
1056,1,26,3,519,474,-1,-1,-1
1057,1,25,3,519,475,-1,-1,-1
1058,1,25,3,518,475,-1,-1,-1
1059,1,27,3,517,473,-1,-1,-1
1060,1,26,3,517,474,-1,-1,-1
1061,1,26,2,517,474,-1,-1,-1
1062,1,27,2,516,473,-1,-1,-1
1063,1,27,2,516,473,-1,-1,-1
1064,1,29,3,513,471,-1,-1,-1
1065,1,30,4,513,470,-1,-1,-1
1066,1,29,3,515,472,-1,-1,-1
1067,1,29,3,516,473,-1,-1,-1
1068,1,29,3,515,472,-1,-1,-1
1069,1,28,3,516,473,-1,-1,-1
1070,1,28,3,516,473,-1,-1,-1
1071,1,28,3,516,473,-1,-1,-1
1072,1,29,2,516,473,-1,-1,-1
1073,1,30,2,516,473,-1,-1,-1
1074,1,29,2,516,473,-1,-1,-1
1075,1,30,3,515,472,-1,-1,-1
1076,1,30,3,516,473,-1,-1,-1
1077,1,30,3,516,473,-1,-1,-1
1078,1,29,2,517,474,-1,-1,-1
1079,1,30,2,517,474,-1,-1,-1
1080,1,30,2,517,474,-1,-1,-1
1081,1,30,2,518,475,-1,-1,-1
1082,1,31,3,516,473,-1,-1,-1
1083,1,31,3,515,472,-1,-1,-1
1084,1,32,3,515,472,-1,-1,-1
1085,1,32,4,515,472,-1,-1,-1
1086,1,33,5,514,470,-1,-1,-1
1087,1,33,5,513,470,-1,-1,-1
1088,1,33,5,513,469,-1,-1,-1
1089,1,33,5,513,469,-1,-1,-1
1090,1,33,4,515,471,-1,-1,-1
1091,1,33,4,515,471,-1,-1,-1
1092,1,33,4,515,471,-1,-1,-1
1093,1,33,4,514,471,-1,-1,-1
1094,1,33,5,514,470,-1,-1,-1
1095,1,33,5,514,470,-1,-1,-1
1096,1,32,5,515,472,-1,-1,-1
1097,1,32,5,515,472,-1,-1,-1
1098,1,32,5,515,472,-1,-1,-1
1099,1,32,5,514,473,-1,-1,-1
1100,1,32,5,514,473,-1,-1,-1
1101,1,33,4,513,473,-1,-1,-1
1102,1,33,4,513,473,-1,-1,-1
1103,1,32,3,514,474,-1,-1,-1
1104,1,33,3,512,472,-1,-1,-1
1105,1,33,3,512,472,-1,-1,-1
1106,1,32,3,512,472,-1,-1,-1
1107,1,32,3,512,472,-1,-1,-1
1108,1,33,4,511,470,-1,-1,-1
1109,1,33,4,510,470,-1,-1,-1
1110,1,33,4,512,471,-1,-1,-1
1111,1,33,4,512,472,-1,-1,-1
1112,1,34,5,510,470,-1,-1,-1
1113,1,34,5,509,469,-1,-1,-1
1114,1,32,4,512,472,-1,-1,-1
1115,1,31,4,513,473,-1,-1,-1
1116,1,31,3,513,473,-1,-1,-1
1117,1,31,3,513,473,-1,-1,-1
1118,1,31,3,512,472,-1,-1,-1
1119,1,31,3,511,472,-1,-1,-1
1120,1,31,3,512,472,-1,-1,-1
1121,1,31,3,512,472,-1,-1,-1
1122,1,31,5,510,470,-1,-1,-1
1123,1,32,5,509,469,-1,-1,-1
1124,1,31,5,511,471,-1,-1,-1
1125,1,30,5,512,471,-1,-1,-1
1126,1,30,4,513,473,-1,-1,-1
1127,1,31,4,513,473,-1,-1,-1
1128,1,30,4,513,473,-1,-1,-1
1129,1,30,4,513,473,-1,-1,-1
1130,1,30,4,513,473,-1,-1,-1
1131,1,28,4,513,474,-1,-1,-1
1132,1,28,4,512,474,-1,-1,-1
1133,1,29,4,512,474,-1,-1,-1
1134,1,30,4,511,472,-1,-1,-1
1135,1,29,4,512,473,-1,-1,-1
1136,1,28,4,512,473,-1,-1,-1
1137,1,28,5,512,473,-1,-1,-1
1138,1,29,5,511,473,-1,-1,-1
1139,1,29,5,511,473,-1,-1,-1
1140,1,29,6,511,473,-1,-1,-1
1141,1,29,6,510,473,-1,-1,-1
1142,1,28,4,511,474,-1,-1,-1
1143,1,28,4,512,474,-1,-1,-1
1144,1,29,4,510,473,-1,-1,-1
1145,1,29,4,510,472,-1,-1,-1
1146,1,29,4,510,472,-1,-1,-1
1147,1,29,4,510,472,-1,-1,-1
1148,1,30,4,510,472,-1,-1,-1
1149,1,29,5,510,473,-1,-1,-1
1150,1,28,5,510,473,-1,-1,-1
1151,1,29,5,510,473,-1,-1,-1
1152,1,29,5,509,473,-1,-1,-1
1153,1,31,5,509,471,-1,-1,-1
1154,1,31,5,509,471,-1,-1,-1
1155,1,31,5,509,470,-1,-1,-1
1156,1,30,3,511,472,-1,-1,-1
1157,1,29,3,512,474,-1,-1,-1
1158,1,28,3,513,474,-1,-1,-1
1159,1,30,3,510,472,-1,-1,-1
1160,1,28,3,513,474,-1,-1,-1
1161,1,27,3,513,475,-1,-1,-1
1162,1,29,2,512,473,-1,-1,-1
1163,1,29,2,512,473,-1,-1,-1
1164,1,29,2,512,473,-1,-1,-1
1165,1,29,2,513,473,-1,-1,-1
1166,1,29,1,514,474,-1,-1,-1
1167,1,28,1,514,474,-1,-1,-1
1168,1,28,0,517,478,-1,-1,-1
1169,1,28,0,518,479,-1,-1,-1
1170,1,28,0,518,480,-1,-1,-1
1171,1,29,0,518,480,-1,-1,-1
1172,1,29,0,515,478,-1,-1,-1
1173,1,30,0,515,477,-1,-1,-1
1174,1,30,0,515,477,-1,-1,-1
1175,1,30,0,514,478,-1,-1,-1
1176,1,30,0,514,478,-1,-1,-1
1177,1,30,0,515,478,-1,-1,-1
1178,1,29,0,515,478,-1,-1,-1
1179,1,32,1,511,475,-1,-1,-1
1180,1,33,2,510,473,-1,-1,-1
1181,1,32,2,511,473,-1,-1,-1
1182,1,32,3,511,473,-1,-1,-1
1183,1,32,3,511,473,-1,-1,-1
1184,1,31,3,511,472,-1,-1,-1
1185,1,33,6,509,470,-1,-1,-1
1186,1,33,6,508,469,-1,-1,-1
1187,1,33,5,510,470,-1,-1,-1
1188,1,33,5,511,470,-1,-1,-1
1189,1,32,5,512,471,-1,-1,-1
1190,1,32,4,513,472,-1,-1,-1
1191,1,32,4,514,472,-1,-1,-1
1192,1,32,4,514,472,-1,-1,-1
1193,1,32,3,514,472,-1,-1,-1
1194,1,32,3,514,472,-1,-1,-1
1195,1,31,1,515,474,-1,-1,-1
1196,1,30,1,516,474,-1,-1,-1
1197,1,31,0,515,474,-1,-1,-1
1198,1,31,0,516,474,-1,-1,-1
1199,1,31,0,516,474,-1,-1,-1
1200,1,30,0,516,475,-1,-1,-1
1201,1,30,0,516,475,-1,-1,-1
1202,1,30,0,516,475,-1,-1,-1
1203,1,30,0,516,475,-1,-1,-1
1204,1,30,0,516,475,-1,-1,-1
1205,1,30,0,516,475,-1,-1,-1
1206,1,30,0,515,475,-1,-1,-1
1207,1,30,1,514,473,-1,-1,-1
1208,1,30,1,513,473,-1,-1,-1
1209,1,30,1,514,474,-1,-1,-1
1210,1,30,1,514,474,-1,-1,-1
1211,1,31,2,513,473,-1,-1,-1
1212,1,31,2,512,473,-1,-1,-1
1213,1,31,1,514,475,-1,-1,-1
1214,1,30,0,515,475,-1,-1,-1
1215,1,30,0,515,475,-1,-1,-1
1216,1,30,0,514,475,-1,-1,-1
1217,1,30,0,514,475,-1,-1,-1
1218,1,30,0,514,475,-1,-1,-1
1219,1,30,0,514,475,-1,-1,-1
1220,1,30,0,514,475,-1,-1,-1
1221,1,30,0,514,475,-1,-1,-1
1222,1,31,0,514,475,-1,-1,-1
1223,1,30,0,515,475,-1,-1,-1
1224,1,29,0,515,475,-1,-1,-1
1225,1,30,0,515,475,-1,-1,-1
1226,1,32,2,514,473,-1,-1,-1
1227,1,32,3,513,473,-1,-1,-1
1228,1,31,2,515,474,-1,-1,-1
1229,1,31,2,516,474,-1,-1,-1
1230,1,31,0,517,475,-1,-1,-1
1231,1,31,0,517,475,-1,-1,-1
1232,1,31,0,519,477,-1,-1,-1
1233,1,32,0,519,477,-1,-1,-1
1234,1,32,0,519,477,-1,-1,-1
1235,1,35,0,517,476,-1,-1,-1
1236,1,36,0,517,475,-1,-1,-1
1237,1,39,1,513,471,-1,-1,-1
1238,1,39,2,513,469,-1,-1,-1
1239,1,38,2,516,470,-1,-1,-1
1240,1,35,1,521,474,-1,-1,-1
1241,1,33,0,523,475,-1,-1,-1
1242,1,33,0,522,473,-1,-1,-1
1243,1,32,0,522,473,-1,-1,-1
1244,1,32,0,522,473,-1,-1,-1
1245,1,27,0,523,475,-1,-1,-1
1246,1,26,0,522,475,-1,-1,-1
1247,1,17,1,523,476,-1,-1,-1
1248,1,12,2,523,476,-1,-1,-1
1249,1,11,2,523,477,-1,-1,-1
1250,1,11,3,518,472,-1,-1,-1
1251,1,11,3,516,470,-1,-1,-1
1252,1,8,2,517,472,-1,-1,-1
1253,1,5,1,519,474,-1,-1,-1
1254,1,5,1,520,475,-1,-1,-1
1255,1,5,1,519,474,-1,-1,-1
1256,1,5,1,519,474,-1,-1,-1
1257,1,4,1,519,474,-1,-1,-1
1258,1,9,3,519,472,-1,-1,-1
1259,1,32,1,530,473,-1,-1,-1
1260,1,38,1,539,473,-1,-1,-1
1261,1,33,3,544,471,-1,-1,-1
1262,1,30,3,550,471,-1,-1,-1
1263,1,28,3,556,471,-1,-1,-1
1264,1,33,2,565,474,-1,-1,-1
1265,1,33,2,571,475,-1,-1,-1
1266,1,33,1,577,477,-1,-1,-1
1267,1,31,1,582,477,-1,-1,-1
1268,1,34,1,583,475,-1,-1,-1
1269,1,34,1,585,474,-1,-1,-1
1270,1,33,1,588,475,-1,-1,-1
1271,1,32,1,590,475,-1,-1,-1
1272,1,32,0,592,476,-1,-1,-1
1273,1,31,0,594,476,-1,-1,-1
1274,1,34,0,593,475,-1,-1,-1
1275,1,35,0,593,475,-1,-1,-1
1276,1,37,0,594,475,-1,-1,-1
1277,1,37,0,594,475,-1,-1,-1
1278,1,43,0,595,476,-1,-1,-1
1279,1,51,0,593,475,-1,-1,-1
1280,1,54,0,591,475,-1,-1,-1
1281,1,56,0,588,475,-1,-1,-1
1282,1,64,0,584,475,-1,-1,-1
1283,1,67,0,581,475,-1,-1,-1
1284,1,75,1,577,474,-1,-1,-1
1285,1,81,0,573,474,-1,-1,-1
1286,1,84,0,569,474,-1,-1,-1
1287,1,86,0,566,474,-1,-1,-1
1288,1,94,1,560,472,-1,-1,-1
1289,1,97,1,556,471,-1,-1,-1
1290,1,99,1,554,472,-1,-1,-1
1291,1,101,2,552,473,-1,-1,-1
1292,1,102,0,551,475,-1,-1,-1
1293,1,104,0,548,475,-1,-1,-1
1294,1,105,0,546,475,-1,-1,-1
1295,1,106,0,542,474,-1,-1,-1
1296,1,107,0,540,474,-1,-1,-1
1297,1,108,0,538,474,-1,-1,-1
1298,1,105,2,536,472,-1,-1,-1
1299,1,104,2,535,472,-1,-1,-1
1300,1,104,3,534,471,-1,-1,-1
1301,1,99,3,533,469,-1,-1,-1
1302,1,97,3,533,469,-1,-1,-1
1303,1,96,4,534,468,-1,-1,-1
1304,1,93,4,534,467,-1,-1,-1
1305,1,91,5,535,466,-1,-1,-1
1306,1,72,3,544,470,-1,-1,-1
1307,1,64,3,551,471,-1,-1,-1
1308,1,60,3,556,471,-1,-1,-1
1309,1,57,3,559,471,-1,-1,-1
1310,1,55,3,562,471,-1,-1,-1
1311,1,48,3,565,469,-1,-1,-1
1312,1,45,3,568,469,-1,-1,-1
1313,1,43,4,571,468,-1,-1,-1
1314,1,42,2,578,472,-1,-1,-1
1315,1,39,0,583,475,-1,-1,-1
1316,1,37,0,585,475,-1,-1,-1
1317,1,40,0,585,474,-1,-1,-1
1318,1,40,0,586,474,-1,-1,-1
1319,1,40,0,587,474,-1,-1,-1
1320,1,37,0,589,474,-1,-1,-1
1321,1,35,0,591,475,-1,-1,-1
1322,1,33,0,593,475,-1,-1,-1
1323,1,31,0,595,476,-1,-1,-1
1324,1,33,0,595,476,-1,-1,-1
1325,1,34,0,595,476,-1,-1,-1
1326,1,34,0,595,476,-1,-1,-1
1327,1,34,0,594,475,-1,-1,-1
1328,1,35,0,594,475,-1,-1,-1
1329,1,30,0,594,475,-1,-1,-1
1330,1,28,0,593,475,-1,-1,-1
1331,1,28,0,593,476,-1,-1,-1
1332,1,26,0,593,476,-1,-1,-1
1333,1,26,0,592,476,-1,-1,-1
1334,1,26,0,592,476,-1,-1,-1
1335,1,20,0,592,476,-1,-1,-1
1336,1,18,0,592,476,-1,-1,-1
1337,1,18,0,592,476,-1,-1,-1
1338,1,14,0,592,476,-1,-1,-1
1339,1,13,0,591,475,-1,-1,-1
1340,1,9,0,592,477,-1,-1,-1
1341,1,8,0,592,477,-1,-1,-1
1342,1,9,0,592,477,-1,-1,-1
1343,1,9,0,591,477,-1,-1,-1
1344,1,9,0,591,477,-1,-1,-1
1345,1,9,0,590,477,-1,-1,-1
1346,1,10,0,590,477,-1,-1,-1
1347,1,9,0,589,477,-1,-1,-1
1348,1,9,0,589,477,-1,-1,-1
1349,1,9,0,588,477,-1,-1,-1
1350,1,9,0,588,477,-1,-1,-1
1351,1,9,0,588,477,-1,-1,-1
1352,1,11,0,588,476,-1,-1,-1
1353,1,11,0,588,476,-1,-1,-1
1354,1,11,0,590,477,-1,-1,-1
1355,1,11,0,591,477,-1,-1,-1
1356,1,11,0,591,477,-1,-1,-1
1357,1,12,0,590,476,-1,-1,-1
1358,1,12,0,591,476,-1,-1,-1
1359,1,14,0,593,476,-1,-1,-1
1360,1,15,0,595,476,-1,-1,-1
1361,1,17,0,597,476,-1,-1,-1
1362,1,17,0,599,476,-1,-1,-1
1363,1,19,0,601,476,-1,-1,-1
1364,1,19,0,603,475,-1,-1,-1
1365,1,19,0,605,475,-1,-1,-1
1366,1,15,0,605,475,-1,-1,-1
1367,1,14,0,606,475,-1,-1,-1
1368,1,12,0,607,475,-1,-1,-1
1369,1,11,0,608,475,-1,-1,-1
1370,1,11,0,608,475,-1,-1,-1
1371,1,9,0,608,475,-1,-1,-1
1372,1,9,0,607,475,-1,-1,-1
1373,1,9,0,608,475,-1,-1,-1
1374,1,9,0,609,475,-1,-1,-1
1375,1,9,0,609,475,-1,-1,-1
1376,1,5,0,608,475,-1,-1,-1
1377,1,3,0,607,475,-1,-1,-1
1378,1,3,0,606,475,-1,-1,-1
1379,1,3,0,606,476,-1,-1,-1
1380,1,4,0,605,476,-1,-1,-1
1381,1,2,0,605,476,-1,-1,-1
1382,1,1,0,604,476,-1,-1,-1
1383,1,1,0,603,477,-1,-1,-1
1384,1,1,0,601,476,-1,-1,-1
1385,1,0,1,598,474,-1,-1,-1
1386,1,0,1,597,473,-1,-1,-1
1387,1,0,1,596,473,-1,-1,-1
1388,1,0,1,596,473,-1,-1,-1
1389,1,-1,1,594,473,-1,-1,-1
1390,1,-1,1,593,473,-1,-1,-1
1391,1,-1,2,593,473,-1,-1,-1
1392,1,-1,2,592,473,-1,-1,-1
1393,1,-1,2,591,473,-1,-1,-1
1394,1,-1,2,590,473,-1,-1,-1
1395,1,-1,2,589,473,-1,-1,-1
1396,1,-1,2,588,473,-1,-1,-1
1397,1,-1,2,587,473,-1,-1,-1
1398,1,0,2,586,473,-1,-1,-1
1399,1,0,3,583,471,-1,-1,-1
1400,1,0,3,581,470,-1,-1,-1
1401,1,0,2,582,471,-1,-1,-1
1402,1,0,2,582,472,-1,-1,-1
1403,1,0,2,581,472,-1,-1,-1
1404,1,0,2,580,472,-1,-1,-1
1405,1,0,2,578,472,-1,-1,-1
1406,1,0,1,580,473,-1,-1,-1
1407,1,0,1,580,474,-1,-1,-1
1408,1,0,2,577,472,-1,-1,-1
1409,1,0,2,575,472,-1,-1,-1
1410,1,0,2,575,472,-1,-1,-1
1411,1,0,2,575,472,-1,-1,-1
1412,1,0,2,574,472,-1,-1,-1
1413,1,0,1,573,472,-1,-1,-1
1414,1,0,1,572,472,-1,-1,-1
1415,1,1,0,572,473,-1,-1,-1
1416,1,2,0,573,473,-1,-1,-1
1417,1,2,0,572,473,-1,-1,-1
1418,1,2,0,573,474,-1,-1,-1
1419,1,1,0,573,474,-1,-1,-1
1420,1,3,1,571,473,-1,-1,-1
1421,1,3,1,570,473,-1,-1,-1
1422,1,2,1,570,473,-1,-1,-1
1423,1,2,1,569,473,-1,-1,-1
1424,1,3,1,569,473,-1,-1,-1
1425,1,4,1,568,474,-1,-1,-1
1426,1,2,1,569,475,-1,-1,-1
1427,1,2,1,569,475,-1,-1,-1
1428,1,1,1,567,475,-1,-1,-1
1429,1,2,0,566,475,-1,-1,-1
1430,1,2,0,564,475,-1,-1,-1
1431,1,3,0,564,475,-1,-1,-1
1432,1,4,0,564,475,-1,-1,-1
1433,1,4,0,564,476,-1,-1,-1
1434,1,4,0,564,476,-1,-1,-1
1435,1,5,0,563,475,-1,-1,-1
1436,1,6,0,563,475,-1,-1,-1
1437,1,6,0,562,474,-1,-1,-1
1438,1,6,0,561,474,-1,-1,-1
1439,1,6,0,561,474,-1,-1,-1
1440,1,7,0,561,473,-1,-1,-1
1441,1,7,0,561,473,-1,-1,-1
1442,1,8,0,561,473,-1,-1,-1
1443,1,9,0,561,473,-1,-1,-1
1444,1,9,0,561,473,-1,-1,-1
1445,1,7,1,562,474,-1,-1,-1
1446,1,7,1,563,474,-1,-1,-1
1447,1,6,2,563,474,-1,-1,-1
1448,1,9,2,562,473,-1,-1,-1
1449,1,9,2,563,473,-1,-1,-1
1450,1,9,2,564,473,-1,-1,-1
1451,1,8,2,563,473,-1,-1,-1
1452,1,7,2,563,473,-1,-1,-1
1453,1,7,1,565,474,-1,-1,-1
1454,1,8,1,565,474,-1,-1,-1
1455,1,8,1,565,474,-1,-1,-1
1456,1,8,1,565,474,-1,-1,-1
1457,1,8,1,564,474,-1,-1,-1
1458,1,8,1,564,473,-1,-1,-1
1459,1,8,2,564,473,-1,-1,-1
1460,1,7,1,565,474,-1,-1,-1
1461,1,7,1,566,474,-1,-1,-1
1462,1,7,1,566,474,-1,-1,-1
1463,1,8,1,565,473,-1,-1,-1
1464,1,8,1,564,473,-1,-1,-1
1465,1,8,1,565,473,-1,-1,-1
1466,1,8,2,566,473,-1,-1,-1
1467,1,8,2,567,473,-1,-1,-1
1468,1,7,0,568,475,-1,-1,-1
1469,1,7,0,569,476,-1,-1,-1
1470,1,8,0,568,475,-1,-1,-1
1471,1,8,0,567,475,-1,-1,-1
1472,1,8,0,567,475,-1,-1,-1
1473,1,8,0,568,475,-1,-1,-1
1474,1,8,0,568,475,-1,-1,-1
1475,1,6,1,566,473,-1,-1,-1
1476,1,7,1,567,474,-1,-1,-1
1477,1,7,1,567,474,-1,-1,-1
1478,1,6,0,568,475,-1,-1,-1
1479,1,5,0,568,475,-1,-1,-1
1480,1,6,1,567,474,-1,-1,-1
1481,1,6,1,566,474,-1,-1,-1
1482,1,6,1,567,474,-1,-1,-1
1483,1,6,2,568,474,-1,-1,-1
1484,1,6,1,567,474,-1,-1,-1
1485,1,6,1,567,474,-1,-1,-1
1486,1,6,1,566,474,-1,-1,-1
1487,1,6,1,567,473,-1,-1,-1
1488,1,6,1,567,473,-1,-1,-1
1489,1,7,1,566,473,-1,-1,-1
1490,1,7,2,565,473,-1,-1,-1
1491,1,7,1,568,474,-1,-1,-1
1492,1,7,1,569,475,-1,-1,-1
1493,1,7,1,569,475,-1,-1,-1
1494,1,6,0,569,476,-1,-1,-1
1495,1,6,0,569,476,-1,-1,-1
1496,1,7,1,567,474,-1,-1,-1
1497,1,7,1,567,474,-1,-1,-1
1498,1,9,2,566,472,-1,-1,-1
1499,1,10,2,566,472,-1,-1,-1
1500,1,10,3,566,471,-1,-1,-1
1501,1,8,2,567,472,-1,-1,-1
1502,1,7,2,568,472,-1,-1,-1
1503,1,6,2,569,473,-1,-1,-1
1504,1,6,2,568,473,-1,-1,-1
1505,1,6,2,568,473,-1,-1,-1
1506,1,7,2,567,473,-1,-1,-1
1507,1,8,2,567,473,-1,-1,-1
1508,1,9,3,566,472,-1,-1,-1
1509,1,9,3,566,472,-1,-1,-1
1510,1,7,2,567,473,-1,-1,-1
1511,1,7,2,567,473,-1,-1,-1
1512,1,8,2,567,473,-1,-1,-1
1513,1,9,2,567,473,-1,-1,-1
1514,1,8,1,567,474,-1,-1,-1
1515,1,7,1,567,474,-1,-1,-1
1516,1,7,1,567,475,-1,-1,-1
1517,1,7,2,566,473,-1,-1,-1
1518,1,7,2,565,473,-1,-1,-1
1519,1,8,2,565,473,-1,-1,-1
1520,1,8,2,565,472,-1,-1,-1
1521,1,8,2,566,472,-1,-1,-1
1522,1,10,2,565,472,-1,-1,-1
1523,1,10,2,566,472,-1,-1,-1
1524,1,9,2,567,473,-1,-1,-1
1525,1,9,3,568,473,-1,-1,-1
1526,1,8,3,567,472,-1,-1,-1
1527,1,7,3,566,472,-1,-1,-1
1528,1,7,3,566,472,-1,-1,-1
1529,1,8,3,565,471,-1,-1,-1
1530,1,8,3,565,471,-1,-1,-1
1531,1,6,2,566,472,-1,-1,-1
1532,1,6,2,567,472,-1,-1,-1
1533,1,7,2,567,472,-1,-1,-1
1534,1,7,2,567,472,-1,-1,-1
1535,1,8,2,567,473,-1,-1,-1
1536,1,8,2,566,473,-1,-1,-1
1537,1,9,3,566,473,-1,-1,-1
1538,1,9,3,566,473,-1,-1,-1
1539,1,9,3,565,473,-1,-1,-1
1540,1,9,3,566,473,-1,-1,-1
1541,1,9,3,566,473,-1,-1,-1
1542,1,9,3,566,472,-1,-1,-1
1543,1,8,3,566,472,-1,-1,-1
1544,1,8,3,566,472,-1,-1,-1
1545,1,6,2,568,473,-1,-1,-1
1546,1,7,2,567,473,-1,-1,-1
1547,1,7,2,566,473,-1,-1,-1
1548,1,8,2,567,473,-1,-1,-1
1549,1,8,2,567,473,-1,-1,-1
1550,1,7,2,566,473,-1,-1,-1
1551,1,6,2,566,473,-1,-1,-1
1552,1,6,1,567,473,-1,-1,-1
1553,1,6,1,568,473,-1,-1,-1
1554,1,5,1,568,474,-1,-1,-1
1555,1,5,1,567,474,-1,-1,-1
1556,1,6,1,567,474,-1,-1,-1
1557,1,6,1,566,474,-1,-1,-1
1558,1,6,0,566,474,-1,-1,-1
1559,1,7,1,566,473,-1,-1,-1
1560,1,8,1,566,473,-1,-1,-1
1561,1,9,1,565,472,-1,-1,-1
1562,1,9,1,564,472,-1,-1,-1
1563,1,10,1,564,471,-1,-1,-1
1564,1,8,2,566,473,-1,-1,-1
1565,1,8,2,567,473,-1,-1,-1
1566,1,7,2,566,473,-1,-1,-1
1567,1,7,2,566,474,-1,-1,-1
1568,1,7,1,566,474,-1,-1,-1
1569,1,7,1,566,474,-1,-1,-1
1570,1,8,1,566,475,-1,-1,-1
1571,1,7,1,566,474,-1,-1,-1
1572,1,7,1,566,474,-1,-1,-1
1573,1,6,1,566,474,-1,-1,-1
1574,1,6,1,566,474,-1,-1,-1
1575,1,6,1,566,474,-1,-1,-1
1576,1,7,2,564,472,-1,-1,-1
1577,1,6,1,567,474,-1,-1,-1
1578,1,6,1,567,475,-1,-1,-1
1579,1,6,1,567,475,-1,-1,-1
1580,1,6,0,567,476,-1,-1,-1
1581,1,7,1,565,474,-1,-1,-1
1582,1,7,1,565,474,-1,-1,-1
1583,1,8,1,564,474,-1,-1,-1
1584,1,7,2,563,473,-1,-1,-1
1585,1,7,2,562,473,-1,-1,-1
1586,1,7,3,561,472,-1,-1,-1
1587,1,9,3,561,472,-1,-1,-1
1588,1,9,3,561,472,-1,-1,-1
1589,1,9,2,563,473,-1,-1,-1
1590,1,9,2,564,474,-1,-1,-1
1591,1,9,2,564,474,-1,-1,-1
1592,1,10,2,563,474,-1,-1,-1
1593,1,10,1,563,474,-1,-1,-1
1594,1,10,1,563,474,-1,-1,-1
1595,1,10,1,564,474,-1,-1,-1
1596,1,10,1,564,474,-1,-1,-1
1597,1,7,1,563,473,-1,-1,-1
1598,1,7,1,563,473,-1,-1,-1
1599,1,7,1,563,473,-1,-1,-1
1600,1,8,1,563,473,-1,-1,-1
1601,1,8,1,563,473,-1,-1,-1
1602,1,9,1,563,473,-1,-1,-1
1603,1,9,1,563,474,-1,-1,-1
1604,1,8,1,564,474,-1,-1,-1
1605,1,8,1,564,474,-1,-1,-1
1606,1,8,1,564,474,-1,-1,-1
1607,1,8,1,564,474,-1,-1,-1
1608,1,8,0,564,474,-1,-1,-1
1609,1,8,1,563,473,-1,-1,-1
1610,1,8,1,564,473,-1,-1,-1
1611,1,8,1,565,473,-1,-1,-1
1612,1,8,1,563,472,-1,-1,-1
1613,1,8,2,562,472,-1,-1,-1
1614,1,8,2,562,471,-1,-1,-1
1615,1,8,2,564,473,-1,-1,-1
1616,1,8,2,565,473,-1,-1,-1
1617,1,8,2,565,473,-1,-1,-1
1618,1,8,2,564,472,-1,-1,-1
1619,1,8,2,563,472,-1,-1,-1
1620,1,7,2,565,473,-1,-1,-1
1621,1,7,2,565,473,-1,-1,-1
1622,1,7,2,565,473,-1,-1,-1
1623,1,7,2,565,474,-1,-1,-1
1624,1,7,2,565,474,-1,-1,-1
1625,1,9,1,565,474,-1,-1,-1
1626,1,9,1,566,474,-1,-1,-1
1627,1,9,1,566,474,-1,-1,-1
1628,1,9,1,565,473,-1,-1,-1
1629,1,8,1,565,473,-1,-1,-1
1630,1,8,1,565,473,-1,-1,-1
1631,1,8,1,565,472,-1,-1,-1
1632,1,7,1,565,472,-1,-1,-1
1633,1,7,1,565,472,-1,-1,-1
1634,1,6,1,566,474,-1,-1,-1
1635,1,6,1,566,474,-1,-1,-1
1636,1,6,1,566,474,-1,-1,-1
1637,1,7,1,565,474,-1,-1,-1
1638,1,7,1,566,474,-1,-1,-1
1639,1,9,2,564,472,-1,-1,-1
1640,1,10,2,564,472,-1,-1,-1
1641,1,10,2,565,472,-1,-1,-1
1642,1,9,2,565,472,-1,-1,-1
1643,1,8,2,566,472,-1,-1,-1
1644,1,8,2,566,472,-1,-1,-1
1645,1,7,2,565,472,-1,-1,-1
1646,1,7,2,565,472,-1,-1,-1
1647,1,8,3,564,471,-1,-1,-1
1648,1,8,3,564,471,-1,-1,-1
1649,1,8,4,564,470,-1,-1,-1
1650,1,7,3,566,472,-1,-1,-1
1651,1,6,3,566,472,-1,-1,-1
1652,1,8,3,565,472,-1,-1,-1
1653,1,9,3,565,472,-1,-1,-1
1654,1,8,2,566,472,-1,-1,-1
1655,1,8,2,566,472,-1,-1,-1
1656,1,7,2,567,472,-1,-1,-1
1657,1,8,2,565,472,-1,-1,-1
1658,1,8,2,565,472,-1,-1,-1
1659,1,9,4,563,470,-1,-1,-1
1660,1,9,4,563,470,-1,-1,-1
1661,1,9,5,563,469,-1,-1,-1
1662,1,10,4,563,469,-1,-1,-1
1663,1,10,4,563,469,-1,-1,-1
1664,1,9,3,565,471,-1,-1,-1
1665,1,9,3,565,472,-1,-1,-1
1666,1,10,3,565,472,-1,-1,-1
1667,1,9,2,564,472,-1,-1,-1
1668,1,9,2,565,472,-1,-1,-1
1669,1,9,2,565,472,-1,-1,-1
1670,1,9,2,566,473,-1,-1,-1
1671,1,7,2,564,472,-1,-1,-1
1672,1,7,2,563,472,-1,-1,-1
1673,1,8,2,564,472,-1,-1,-1
1674,1,8,2,564,472,-1,-1,-1
1675,1,7,1,564,473,-1,-1,-1
1676,1,7,1,564,473,-1,-1,-1
1677,1,6,0,564,475,-1,-1,-1
1678,1,6,0,564,475,-1,-1,-1
1679,1,6,0,563,476,-1,-1,-1
1680,1,5,0,562,475,-1,-1,-1
1681,1,5,0,561,475,-1,-1,-1
1682,1,10,0,561,474,-1,-1,-1
1683,1,11,0,561,474,-1,-1,-1
1684,1,9,0,563,475,-1,-1,-1
1685,1,8,0,564,475,-1,-1,-1
1686,1,9,0,563,474,-1,-1,-1
1687,1,9,0,564,474,-1,-1,-1
1688,1,9,0,564,474,-1,-1,-1
1689,1,8,0,564,474,-1,-1,-1
1690,1,8,0,564,473,-1,-1,-1
1691,1,9,0,566,475,-1,-1,-1
1692,1,9,0,567,475,-1,-1,-1
1693,1,7,0,566,475,-1,-1,-1
1694,1,7,0,565,475,-1,-1,-1
1695,1,8,0,564,475,-1,-1,-1
1696,1,8,0,564,475,-1,-1,-1
1697,1,7,0,565,476,-1,-1,-1
1698,1,7,0,565,476,-1,-1,-1
1699,1,7,0,564,475,-1,-1,-1
1700,1,8,0,563,475,-1,-1,-1
1701,1,9,2,562,473,-1,-1,-1
1702,1,9,2,562,473,-1,-1,-1
1703,1,9,3,562,473,-1,-1,-1
1704,1,9,2,562,472,-1,-1,-1
1705,1,9,2,563,472,-1,-1,-1
1706,1,9,1,564,473,-1,-1,-1
1707,1,9,1,564,473,-1,-1,-1
1708,1,8,1,565,473,-1,-1,-1
1709,1,9,0,565,473,-1,-1,-1
1710,1,9,0,564,473,-1,-1,-1
1711,1,7,0,565,474,-1,-1,-1
1712,1,6,0,565,474,-1,-1,-1
1713,1,6,0,565,474,-1,-1,-1
1714,1,6,0,565,475,-1,-1,-1
1715,1,6,0,565,475,-1,-1,-1
1716,1,8,0,564,474,-1,-1,-1
1717,1,9,0,564,474,-1,-1,-1
1718,1,8,0,564,474,-1,-1,-1
1719,1,7,0,564,474,-1,-1,-1
1720,1,7,0,563,474,-1,-1,-1
1721,1,6,0,563,474,-1,-1,-1
1722,1,6,0,564,474,-1,-1,-1
1723,1,6,0,564,474,-1,-1,-1
1724,1,6,0,564,474,-1,-1,-1
1725,1,7,0,563,475,-1,-1,-1
1726,1,7,0,562,475,-1,-1,-1
1727,1,7,1,561,474,-1,-1,-1
1728,1,7,1,561,474,-1,-1,-1
1729,1,9,1,561,474,-1,-1,-1
1730,1,9,1,561,473,-1,-1,-1
1731,1,9,1,561,473,-1,-1,-1
1732,1,9,1,561,474,-1,-1,-1
1733,1,9,1,560,473,-1,-1,-1
